<?xml version="1.0"?>
<opencv_storage>
<vocabulary type_id="opencv-matrix">
  <rows>60</rows>
  <cols>32</cols>
  <dt>f</dt>
  <data>
    8.09053116e+01 1.68788376e+02 1.41436401e+02 1.18856247e+02
    1.92986893e+02 2.09776962e+02 1.60827164e+02 1.60369659e+02
    1.68010269e+02 8.70559082e+01 1.12604683e+02 5.35077019e+01
    1.27456932e+02 2.00122650e+02 1.05846550e+02 1.30820877e+02
    1.71716492e+02 8.05676041e+01 1.70396469e+02 4.53445549e+01
    7.58859100e+01 1.01176842e+02 1.60293213e+02 1.92825455e+02
    7.02652588e+01 8.90319519e+01 6.66206512e+01 1.24787796e+02
    1.68563034e+02 6.37746735e+01 1.72820892e+02 1.77047348e+02
    1.52692856e+02 1.03069443e+02 1.72648254e+02 1.30395340e+02
    1.38391800e+02 1.14265587e+02 8.22701492e+01 1.21153069e+02
    1.73359360e+02 1.87511917e+02 1.60009644e+02 5.00760269e+01
    1.45355301e+02 1.92513443e+02 7.93015747e+01 8.54308167e+01
    1.47979233e+02 1.88750641e+02 1.64340103e+02 6.11358376e+01
    6.20268669e+01 1.04867210e+02 2.00174362e+02 4.96974182e+01
    2.04326920e+02 2.04603653e+02 9.33025894e+01 8.64303131e+01
    1.80516983e+02 1.29378113e+02 1.08360878e+02 6.63644257e+01
    1.23832466e+02 1.72964111e+02 1.80597610e+02 8.84487686e+01
    1.79575928e+02 1.64335831e+02 1.27650711e+02 1.94667175e+02
    1.51026184e+02 1.65222885e+02 1.68910995e+02 1.23505615e+02
    1.55013474e+02 2.02973831e+02 1.39195221e+02 1.74721771e+02
    1.22522072e+02 1.60555725e+02 1.81987289e+02 1.02451012e+02
    1.57678391e+02 2.10483932e+02 1.68048615e+02 1.05285721e+02
    1.12382202e+02 1.82244583e+02 1.15531792e+02 9.34786835e+01
    1.87993271e+02 1.69649216e+02 1.78825729e+02 1.65097992e+02
    4.30585060e+01 1.42369873e+02 5.61647606e+01 1.74201065e+02
    1.18137184e+02 1.80293869e+02 1.72793533e+02 1.41239410e+02
    1.04587082e+02 4.11008720e+01 1.10439133e+02 5.60443840e+01
    1.48246796e+02 1.70342300e+02 6.41445847e+01 1.09645592e+02
    1.97536652e+02 7.30174789e+01 8.74176178e+01 1.34960983e+02
    7.35137863e+01 1.40412903e+02 4.74727631e+01 2.15558838e+02
    8.69293823e+01 7.48345642e+01 1.46516464e+02 1.09870880e+02
    7.59448547e+01 4.25164757e+01 1.33070602e+02 1.58987213e+02
    1.35545731e+02 1.79412704e+02 9.55729446e+01 1.16720337e+02
    1.08822372e+02 9.87014389e+01 7.65925903e+01 1.78190475e+02
    7.16938782e+01 1.36669693e+02 1.53079361e+02 1.78116409e+02
    1.18535149e+02 9.94368896e+01 1.18629631e+02 9.07165527e+01
    1.05013603e+02 1.81442932e+02 1.71823883e+02 1.41408920e+02
    1.40456543e+02 8.76659088e+01 1.36207108e+02 8.79168549e+01
    2.02918365e+02 1.77910812e+02 6.82418747e+01 1.66519272e+02
    1.04109604e+02 1.49625854e+02 8.33688583e+01 9.91579742e+01
    4.65025063e+01 1.69534790e+02 1.01847527e+02 1.63804123e+02
    1.97723434e+02 1.89920990e+02 1.79549820e+02 1.68703964e+02
    9.05247650e+01 7.64001160e+01 1.00365616e+02 1.41259323e+02
    1.42974960e+02 1.80208130e+02 1.17440186e+02 1.17415138e+02
    2.09287155e+02 6.08180313e+01 1.32627167e+02 1.36383423e+02
    1.37619934e+02 1.24748474e+02 7.04869232e+01 2.24185318e+02
    7.08820267e+01 6.25158615e+01 1.51829727e+02 2.03785202e+02
    1.20767395e+02 5.49471359e+01 1.70873123e+02 2.01952148e+02
    1.56715271e+02 7.93624954e+01 1.88138931e+02 1.03160088e+02
    7.77427063e+01 8.97307053e+01 8.63441925e+01 7.89228134e+01
    1.16389938e+02 1.86652939e+02 1.66563751e+02 8.96317902e+01
    1.27997711e+02 8.59359665e+01 8.80457382e+01 1.03894798e+02
    6.78742142e+01 2.05541458e+02 1.50208694e+02 1.05120636e+02
    8.05511703e+01 1.63865631e+02 1.92551743e+02 4.54259567e+01
    1.92830765e+02 2.04003998e+02 9.73287582e+01 5.80863342e+01
    1.51936539e+02 1.96526581e+02 8.05751877e+01 7.84745560e+01
    8.57567215e+01 8.89596481e+01 1.81517548e+02 1.18709358e+02
    1.61023972e+02 7.34643250e+01 1.18956139e+02 1.10961403e+02
    1.00840347e+02 1.72456726e+02 1.09100586e+02 1.43616959e+02
    1.99478363e+02 8.26783600e+01 1.28462570e+02 9.37871323e+01
    7.76982422e+01 1.15740349e+02 9.26836243e+01 7.84087677e+01
    1.20866669e+02 2.07188889e+02 1.27766083e+02 4.53777771e+01
    1.73509354e+02 1.78981873e+02 1.03930405e+02 7.17608185e+01
    1.88089478e+02 2.12685959e+02 1.21222809e+02 1.03871925e+02
    1.11823021e+02 7.91749802e+01 1.23307381e+02 1.49233536e+02
    9.10212860e+01 1.16709244e+02 2.00734528e+02 1.34244843e+02
    1.30250168e+02 1.54888214e+02 1.73929474e+02 1.69637390e+02
    8.88922119e+01 1.54021957e+02 1.68715897e+02 1.30910843e+02
    1.23168991e+02 1.89319351e+02 8.02494965e+01 2.07717224e+02
    1.87320023e+02 1.74103119e+02 7.17684631e+01 2.05888214e+02
    7.29634018e+01 6.67371902e+01 1.73674652e+02 1.26364601e+02
    9.01936111e+01 1.78548233e+02 1.05781097e+02 1.84767792e+02
    7.01136475e+01 9.12321091e+01 1.47861099e+02 1.58689713e+02
    1.26131088e+02 1.21055321e+02 1.75218887e+02 7.53836441e+01
    9.53782349e+01 1.35292236e+02 1.00377029e+02 1.99126282e+02
    1.76653641e+02 9.41070328e+01 1.62610947e+02 1.22628983e+02
    1.18796150e+02 7.25327759e+01 9.92525558e+01 1.35694534e+02
    1.55203247e+02 1.76236923e+02 1.01395073e+02 1.76366211e+02
    8.54052887e+01 8.30210495e+01 1.84907394e+02 1.64585083e+02
    1.18221291e+02 1.59058334e+02 1.16950691e+02 1.76334335e+02
    1.18119469e+02 9.83493042e+01 1.85885986e+02 1.43357178e+02
    1.21204369e+02 1.04706490e+02 7.89157028e+01 8.00751953e+01
    1.13486351e+02 1.93289261e+02 1.03471191e+02 1.93175262e+02
    1.67938141e+02 1.33055191e+02 1.63974533e+02 1.56232864e+02
    1.25415405e+02 1.05742264e+02 2.14274704e+02 7.05488205e+01
    1.32747726e+02 1.26374771e+02 1.80206177e+02 1.36125534e+02
    1.66696777e+02 1.99108551e+02 1.00265617e+02 1.78291077e+02
    1.40337784e+02 1.73325043e+02 7.16185532e+01 1.05037598e+02
    8.22844315e+01 1.66456894e+02 1.29740021e+02 2.02904770e+02
    1.82140930e+02 1.72543762e+02 1.60191772e+02 1.71662811e+02
    1.44940155e+02 9.12175064e+01 9.61898346e+01 1.39850708e+02
    1.77402832e+02 1.84198196e+02 1.75295364e+02 1.04161522e+02
    1.71723297e+02 7.61428604e+01 1.21364868e+02 8.33494186e+01
    1.52001938e+02 9.38893204e+01 1.02314026e+02 2.00191116e+02
    1.77006439e+02 1.73197556e+02 1.05081085e+02 1.99169250e+02
    1.33660233e+02 1.46898972e+02 1.43973618e+02 1.76032181e+02
    8.15336075e+01 1.86951263e+02 1.01514626e+02 1.48616730e+02
    1.58121613e+02 1.54900467e+02 1.90352493e+02 2.08146240e+02
    9.86028748e+01 8.20800476e+01 1.45505386e+02 1.84399704e+02
    8.67065201e+01 1.43854797e+02 1.77478714e+02 1.29136490e+02
    1.23134430e+02 1.59161621e+02 8.86398163e+01 1.98965637e+02
    1.96502319e+02 1.41121094e+02 6.86233978e+01 2.19800415e+02
    8.23068237e+01 6.93786545e+01 1.56001038e+02 1.77291946e+02
    1.03642899e+02 1.58315033e+02 1.77824020e+02 1.95791183e+02
    1.00554077e+02 1.08726753e+02 1.30738770e+02 8.08424988e+01
    1.22736237e+02 6.15717888e+01 1.47348511e+02 1.61310562e+02
    8.83042374e+01 1.73524979e+02 1.67831116e+02 1.44799484e+02
    9.91024628e+01 8.83402863e+01 1.32497787e+02 8.77893677e+01
    9.17975922e+01 1.91176468e+02 6.19892464e+01 1.69338394e+02
    1.70616058e+02 1.88516129e+02 1.07304863e+02 6.24231491e+01
    1.01268181e+02 1.21874123e+02 1.15629341e+02 6.90986710e+01
    1.15221375e+02 1.89174561e+02 1.10903221e+02 1.64828583e+02
    1.08029419e+02 1.79328171e+02 1.57775558e+02 9.37935104e+01
    1.59636902e+02 1.62889267e+02 1.52521194e+02 1.84884277e+02
    2.00083282e+02 1.68452866e+02 1.21142639e+02 5.40703239e+01
    1.83989014e+02 2.16156097e+02 9.34812927e+01 7.24977493e+01
    1.42343643e+02 1.14939148e+02 1.23197006e+02 7.41760559e+01
    1.02201492e+02 1.38513214e+02 1.76053864e+02 9.29316711e+01
    1.29941147e+02 6.60573578e+01 1.04421944e+02 9.42164536e+01
    1.63138153e+02 8.75895233e+01 1.37495758e+02 1.31851868e+02
    9.05065002e+01 1.84400757e+02 6.88342667e+01 1.43447754e+02
    1.50668533e+02 1.72025360e+02 1.10999390e+02 2.00902298e+02
